57.179364
57.258532
57.223389
57.350976
57.277519
57.299906
57.301342
57.291047
57.274154
57.232793
57.263395
57.275895
57.260692
57.311475
61.377522
57.306532
57.27684
57.312044
57.233826
57.223284
57.343572
57.486378
57.280564
57.297675
57.279998
57.303359
57.68478
57.303446
57.281902
57.287393
57.221978
57.249294
57.26921
57.241172
57.191343
57.317035
57.285779
57.466965
57.316975
57.257473
57.280315
57.268879
57.304605
57.279042
57.246166
57.241169
57.272321
57.25061
57.266515
57.259159
57.273206
57.276773
57.254413
57.28847
57.261282
57.254574
57.207711
57.246588
57.224173
57.254366
57.336719
57.263036
57.240158
57.264682
57.281887
57.306945
57.21415
57.271451
57.281691
57.203589
57.298286
57.243184
57.022321
57.227155
57.278245
57.32453
57.313318
57.275609
57.288823
57.306508
57.27899
57.281385
57.259389
57.2671
57.275666
57.301098
57.274796
57.284808
57.266
57.308981
57.379105
57.292131
57.332145
57.265224
57.310936
57.238269
57.263994
57.270382
57.34105
57.300636
57.344326
57.282697
57.282885
57.269555
57.393512
57.299718
57.337556
57.138273
57.271931
57.271165
57.240145
57.308976
57.272426
57.251489
57.256414
57.271331
57.333209
57.346328
57.309728
57.25248
57.29552
57.272748
57.359777
57.317948
57.41451
57.273695
57.228087
57.281364
57.209669
57.276538
57.265804
57.29537
57.290999
57.148361
57.316806
57.311343
57.339998
